--------------------------------------------------------------------------------
Fecha 29/11/2015                                                        Hoja 001

          Listado de Estadistico de Horas aplicadas por anio y mes

--------------------------------------------------------------------------------
Sucursal                   Ene Feb Mar Abr May Jun Jul Ago Sep Oct Nov Dic Total
--------------------------------------------------------------------------------
Sucursal del Sur     2011  000 000 010 000 030 000 000 000 070 000 000 000 0030
Sucursal del Sur     2011  000 000 000 000 000 000 000 000 000 000 000 000 0000
Sucursal del Sur     2011  000 000 000 000 000 000 000 000 000 000 000 000 0010
Sucursal del Sur     2011  000 000 000 000 000 000 000 000 000 000 000 000 0070
Sucursal del Sur     2011  000 000 000 000 000 000 000 000 000 000 000 000 0000
Sucursal del Norte   2012  000 000 000 000 000 000 000 000 000 000 000 000 0050
Sucursal del Norte   2012  000 050 000 050 000 000 000 000 000 000 000 010 0010
Sucursal del Norte   2012  000 000 000 000 000 000 000 000 000 000 000 000 0000
Sucursal del Norte   2012  000 000 000 000 000 000 000 000 000 000 000 000 0000
Sucursal del Norte   2012  000 000 000 000 000 000 000 000 000 000 000 000 0050
Sucursal del Este    2013  000 000 000 000 000 000 000 000 000 000 000 000 0055
Sucursal del Este    2013  000 000 000 000 000 000 000 000 000 000 000 000 0000
Sucursal del Este    2013  000 000 000 005 001 002 003 000 000 000 000 000 0031
Sucursal del Este    2013  000 000 000 000 000 000 000 000 000 000 000 000 0002
Sucursal del Este    2013  000 000 000 000 000 000 000 000 000 000 000 000 0003
--------------------------------------------------------------------------------
TOTALES                    000 050 010 055 031 002 003 000 070 000 000 010 0311
--------------------------------------------------------------------------------
